0	481	0
0	485	0
0	486	0
0	487	0
0	489	0
0	490	0
0	494	0
0	516	0
0	527	0
0	529	1
0	536	0
0	556	0
0	566	0
0	573	0
0	575	0
0	576	0
0	578	1
0	582	0
0	606	0
0	610	0
0	624	0
0	628	0
0	629	0
0	652	0
0	653	0
0	674	1
0	689	0
1	658	0
2	488	0
2	489	0
2	490	0
2	527	0
2	582	0
3	501	0
4	488	0
4	489	0
5	658	0
5	681	0
6	469	0
6	481	0
6	485	0
6	487	0
6	488	0
6	489	0
6	490	0
6	494	0
6	498	0
6	501	0
6	516	0
6	527	0
6	533	0
6	536	0
6	556	0
6	573	0
6	575	0
6	576	0
6	580	0
6	582	0
6	596	0
6	606	0
6	624	0
6	628	0
6	629	0
6	638	0
6	652	0
6	653	0
6	656	0
6	658	0
6	680	0
6	681	0
6	689	0
7	498	0
7	527	0
7	536	0
7	582	0
7	653	0
7	680	0
7	681	0
8	536	0
9	488	0
9	489	0
9	527	0
9	566	0
9	573	0
9	582	0
9	606	0
9	652	0
9	656	0
9	680	0
9	681	0
9	689	0
10	498	0
10	533	0
10	536	0
10	582	0
10	606	0
10	653	0
10	656	0
10	658	0
10	680	0
10	681	0
11	489	0
11	498	0
11	501	0
11	533	0
11	536	0
11	580	0
11	582	0
11	638	0
11	652	0
11	653	0
12	516	0
12	652	0
13	488	0
13	628	0
13	629	0
14	489	0
14	629	0
15	469	0
15	470	2
15	472	1
15	480	2
15	481	0
15	485	0
15	488	0
15	489	0
15	491	1
15	494	0
15	498	0
15	500	1
15	501	0
15	504	0
15	515	1
15	516	0
15	524	1
15	527	0
15	531	1
15	533	0
15	535	0
15	536	0
15	537	0
15	542	1
15	549	0
15	556	0
15	565	1
15	566	0
15	569	1
15	573	0
15	575	0
15	576	0
15	579	1
15	580	0
15	582	0
15	583	1
15	585	0
15	595	1
15	596	0
15	606	0
15	613	1
15	624	0
15	628	0
15	629	0
15	630	1
15	638	0
15	648	1
15	652	0
15	653	0
15	654	0
15	656	0
15	658	0
15	659	1
15	675	1
15	680	0
15	681	0
15	684	1
15	689	0
15	690	0
16	469	0
16	481	0
16	485	0
16	488	0
16	489	0
16	494	0
16	498	0
16	501	0
16	516	0
16	527	0
16	533	0
16	536	0
16	556	0
16	573	0
16	575	0
16	576	0
16	580	0
16	582	0
16	596	0
16	606	0
16	624	0
16	628	0
16	629	0
16	638	0
16	652	0
16	653	0
16	656	0
16	658	0
16	680	0
16	681	0
16	689	0
17	501	0
17	536	0
17	653	0
17	658	0
18	489	0
18	501	0
18	516	0
18	527	0
18	536	0
18	556	0
18	566	0
18	624	0
18	629	0
18	689	0
19	533	0
19	582	0
19	653	0
19	658	0
19	680	0
19	681	0
20	481	0
20	489	0
20	498	0
20	501	0
20	628	0
20	652	0
20	653	0
20	689	0
21	566	0
21	628	0
21	638	0
22	488	0
23	469	0
23	533	0
23	582	0
24	469	0
24	501	0
24	536	0
24	580	0
24	582	0
24	638	0
24	653	0
24	656	0
24	658	0
25	501	0
25	658	0
26	481	0
26	485	0
26	487	0
26	488	0
26	489	0
26	490	0
26	494	0
26	501	0
26	516	0
26	527	0
26	533	0
26	536	0
26	556	0
26	566	0
26	573	0
26	580	0
26	582	0
26	596	0
26	606	0
26	624	0
26	628	0
26	629	0
26	638	0
26	652	0
26	653	0
26	656	0
26	658	0
26	680	0
26	681	0
26	689	0
27	498	0
27	501	0
27	516	0
27	527	0
27	536	0
27	580	0
27	582	0
27	606	0
27	653	0
27	658	0
27	681	0
28	527	0
29	481	0
29	485	0
29	487	0
29	489	0
29	501	0
29	516	0
29	536	0
29	566	0
29	582	0
29	596	0
30	501	0
30	516	0
30	533	0
30	536	0
30	556	0
30	638	0
30	689	0
31	469	0
31	580	0
31	582	0
31	653	0
32	469	0
32	481	0
32	485	0
32	487	0
32	488	0
32	489	0
32	490	0
32	494	0
32	498	0
32	501	0
32	524	2
32	527	0
32	533	0
32	536	0
32	556	0
32	566	0
32	569	2
32	573	0
32	575	0
32	576	0
32	579	0
32	580	0
32	582	0
32	596	0
32	606	0
32	624	0
32	628	0
32	629	0
32	638	0
32	652	0
32	653	0
32	656	0
32	658	0
32	680	0
32	681	0
32	689	0
33	469	0
33	485	0
33	488	0
33	489	0
33	494	0
33	498	0
33	501	0
33	516	0
33	527	0
33	533	0
33	536	0
33	556	0
33	573	0
33	580	0
33	582	0
33	596	0
33	606	0
33	624	0
33	628	0
33	629	0
33	638	0
33	652	0
33	653	0
33	656	0
33	658	0
33	680	0
33	681	0
33	689	0
34	575	0
34	576	0
34	624	0
34	638	0
34	689	0
35	489	0
35	494	0
35	498	0
35	501	0
35	527	0
35	533	0
35	536	0
35	556	0
35	573	0
35	580	0
35	582	0
35	596	0
35	606	0
35	624	0
35	629	0
35	638	0
35	652	0
35	653	0
35	656	0
35	658	0
35	680	0
35	681	0
35	689	0
36	481	0
36	485	0
36	488	0
36	489	0
36	490	0
36	494	0
36	498	0
36	501	0
36	516	0
36	527	0
36	533	0
36	536	0
36	556	0
36	566	0
36	580	0
36	582	0
36	596	0
36	606	0
36	628	0
36	629	0
36	638	0
36	652	0
36	653	0
36	656	0
36	658	0
36	680	0
36	681	0
37	469	0
38	469	0
38	481	0
38	485	0
38	488	0
38	489	0
38	494	0
38	498	0
38	501	0
38	516	0
38	527	0
38	533	0
38	536	0
38	556	0
38	573	0
38	580	0
38	582	0
38	596	0
38	606	0
38	624	0
38	628	0
38	629	0
38	638	0
38	652	0
38	653	0
38	656	0
38	658	0
38	680	0
38	681	0
38	689	0
39	485	0
39	487	0
39	488	0
39	489	0
39	494	0
39	501	0
39	516	0
39	527	0
39	533	0
39	536	0
39	566	0
39	573	0
39	582	0
39	596	0
39	606	0
39	624	0
39	628	0
39	629	0
39	638	0
39	653	0
39	656	0
39	680	0
39	681	0
40	481	0
40	485	0
40	487	0
40	488	0
40	489	0
40	490	0
40	494	0
40	498	0
40	501	0
40	516	0
40	527	0
40	533	0
40	536	0
40	556	0
40	566	0
40	573	0
40	580	0
40	582	0
40	596	0
40	606	0
40	624	0
40	628	0
40	629	0
40	638	0
40	652	0
40	653	0
40	656	0
40	658	0
40	680	0
40	681	0
40	689	0
41	469	0
42	469	0
42	481	0
42	485	0
42	488	0
42	489	0
42	490	0
42	494	0
42	498	0
42	501	0
42	516	0
42	527	0
42	533	0
42	536	0
42	556	0
42	573	0
42	575	0
42	576	0
42	580	0
42	582	0
42	596	0
42	606	0
42	624	0
42	628	0
42	629	0
42	638	0
42	652	0
42	653	0
42	656	0
42	658	0
42	680	0
42	681	0
42	689	0
43	487	0
43	489	0
43	501	0
43	527	0
43	533	0
43	566	0
43	580	0
43	582	0
43	628	0
43	629	0
43	653	0
43	656	0
43	681	0
44	606	0
45	488	0
45	489	0
45	501	0
45	527	0
45	533	0
45	536	0
45	566	0
45	573	0
45	580	0
45	582	0
45	596	0
45	629	0
45	638	0
45	652	0
45	653	0
45	656	0
45	658	0
46	501	0
47	469	0
48	556	0
49	658	0
50	533	0
50	580	0
50	628	0
50	629	0
50	653	0
50	658	0
51	488	0
51	489	0
51	501	0
51	527	0
51	533	0
51	536	0
51	566	0
51	573	0
51	580	0
51	582	0
51	596	0
51	652	0
51	653	0
51	656	0
51	658	0
52	470	1
53	469	0
53	481	0
53	485	0
53	487	0
53	488	0
53	489	0
53	490	0
53	494	0
53	498	0
53	501	0
53	516	0
53	527	0
53	533	0
53	536	0
53	556	0
53	566	0
53	573	0
53	575	0
53	576	0
53	580	0
53	582	0
53	596	0
53	624	0
53	628	0
53	629	0
53	638	0
53	652	0
53	653	0
53	656	0
53	658	0
53	680	0
53	681	0
53	689	0
54	516	0
54	527	0
55	606	0
56	489	0
56	494	0
56	501	0
56	527	0
56	533	0
56	536	0
56	556	0
56	582	0
56	624	0
56	652	0
56	653	0
56	656	0
56	680	0
56	681	0
56	689	0
57	480	2
57	491	2
57	501	0
57	531	2
57	569	2
57	579	2
57	652	0
57	675	2
57	684	0
58	469	0
58	481	0
58	485	0
58	488	0
58	489	0
58	490	0
58	494	0
58	498	0
58	501	0
58	527	0
58	533	0
58	536	0
58	556	0
58	573	0
58	575	0
58	576	0
58	580	0
58	582	0
58	596	0
58	606	0
58	624	0
58	628	0
58	629	0
58	638	0
58	652	0
58	653	0
58	656	0
58	658	0
58	680	0
58	681	0
58	689	0
59	469	0
59	481	0
59	488	0
59	489	0
59	494	0
59	498	0
59	501	0
59	527	0
59	533	0
59	536	0
59	556	0
59	573	0
59	575	0
59	576	0
59	580	0
59	582	0
59	596	0
59	606	0
59	624	0
59	628	0
59	629	0
59	638	0
59	652	0
59	653	0
59	656	0
59	658	0
59	680	0
59	681	0
59	689	0
60	469	0
60	488	0
60	489	0
60	494	0
60	501	0
60	527	0
60	533	0
60	536	0
60	566	0
60	573	0
60	575	0
60	576	0
60	580	0
60	582	0
60	596	0
60	606	0
60	624	0
60	628	0
60	629	0
60	638	0
60	652	0
60	653	0
60	656	0
60	658	0
60	680	0
60	681	0
60	689	0
61	488	0
61	489	0
61	491	0
61	494	0
61	500	0
61	501	0
61	524	1
61	527	0
61	531	0
61	533	0
61	569	1
61	575	0
61	576	0
61	579	0
61	580	0
61	582	0
61	596	0
61	613	2
61	624	0
61	628	0
61	629	0
61	638	0
61	652	0
61	653	0
61	658	0
61	663	1
61	675	1
61	680	0
61	681	0
61	684	0
61	689	0
61	690	2
62	488	0
62	489	0
62	494	0
62	501	0
62	527	0
62	533	0
62	536	0
62	556	0
62	566	0
62	575	0
62	576	0
62	580	0
62	582	0
62	596	0
62	624	0
62	628	0
62	638	0
62	652	0
62	653	0
62	656	0
62	658	0
62	680	0
62	681	0
62	689	0
63	470	0
63	472	0
63	480	0
63	491	0
63	492	0
63	500	0
63	524	1
63	531	2
63	542	1
63	569	1
63	579	1
63	583	0
63	589	0
63	595	1
63	613	0
63	648	1
63	675	1
63	684	0
64	469	0
64	481	0
64	485	0
64	488	0
64	489	0
64	494	0
64	498	0
64	501	0
64	527	0
64	533	0
64	536	0
64	556	0
64	566	0
64	573	0
64	575	0
64	576	0
64	580	0
64	582	0
64	596	0
64	606	0
64	624	0
64	628	0
64	638	0
64	652	0
64	653	0
64	656	0
64	658	0
64	680	0
64	681	0
64	689	0
65	469	0
65	481	0
65	488	0
65	489	0
65	494	0
65	501	0
65	516	0
65	527	0
65	533	0
65	536	0
65	573	0
65	575	0
65	576	0
65	580	0
65	582	0
65	596	0
65	624	0
65	628	0
65	629	0
65	638	0
65	652	0
65	653	0
65	656	0
65	658	0
65	680	0
65	681	0
65	689	0
66	469	0
66	481	0
66	485	0
66	488	0
66	489	0
66	494	0
66	498	0
66	501	0
66	527	0
66	533	0
66	536	0
66	556	0
66	566	0
66	573	0
66	575	0
66	576	0
66	580	0
66	582	0
66	596	0
66	606	0
66	624	0
66	628	0
66	629	0
66	638	0
66	652	0
66	653	0
66	656	0
66	658	0
66	680	0
66	681	0
66	689	0
67	488	0
67	489	0
67	491	0
67	494	0
67	501	0
67	524	1
67	527	0
67	531	2
67	533	0
67	536	0
67	556	0
67	566	0
67	569	1
67	573	0
67	575	0
67	576	0
67	579	0
67	580	0
67	582	0
67	596	0
67	613	2
67	624	0
67	628	0
67	629	0
67	638	0
67	652	0
67	653	0
67	658	0
67	680	0
67	681	0
67	689	0
68	481	0
68	488	0
68	489	0
68	494	0
68	498	0
68	501	0
68	527	0
68	533	0
68	536	0
68	556	0
68	573	0
68	575	0
68	576	0
68	580	0
68	582	0
68	606	0
68	624	0
68	629	0
68	638	0
68	652	0
68	653	0
68	656	0
68	658	0
68	680	0
68	681	0
68	689	0
69	481	0
69	485	0
69	488	0
69	489	0
69	490	0
69	494	0
69	501	0
69	527	0
69	533	0
69	536	0
69	556	0
69	566	0
69	575	0
69	576	0
69	580	0
69	582	0
69	596	0
69	624	0
69	628	0
69	629	0
69	638	0
69	652	0
69	653	0
69	656	0
69	658	0
69	680	0
69	681	0
69	689	0
70	494	0
70	501	0
70	527	0
70	533	0
70	536	0
70	566	0
70	580	0
70	582	0
70	596	0
70	624	0
70	638	0
70	652	0
70	653	0
70	656	0
70	658	0
70	680	0
70	681	0
70	689	0
71	489	0
71	494	0
71	501	0
71	527	0
71	533	0
71	536	0
71	566	0
71	573	0
71	575	0
71	576	0
71	580	0
71	582	0
71	596	0
71	624	0
71	628	0
71	629	0
71	638	0
71	652	0
71	653	0
71	680	0
71	681	0
71	689	0
72	469	0
72	488	0
72	489	0
72	494	0
72	498	0
72	501	0
72	527	0
72	533	0
72	536	0
72	573	0
72	575	0
72	576	0
72	580	0
72	582	0
72	596	0
72	606	0
72	624	0
72	628	0
72	629	0
72	638	0
72	652	0
72	653	0
72	656	0
72	658	0
72	680	0
72	681	0
72	689	0
73	488	0
73	489	0
73	501	0
73	533	0
73	652	0
73	689	0
74	481	0
74	488	0
74	489	0
74	494	0
74	498	0
74	501	0
74	527	0
74	533	0
74	536	0
74	556	0
74	573	0
74	575	0
74	576	0
74	580	0
74	582	0
74	596	0
74	606	0
74	624	0
74	628	0
74	629	0
74	638	0
74	652	0
74	653	0
74	656	0
74	658	0
74	680	0
74	681	0
74	689	0
75	469	0
75	481	0
75	485	0
75	487	0
75	488	0
75	489	0
75	490	0
75	494	0
75	498	0
75	501	0
75	516	0
75	527	0
75	533	0
75	536	0
75	556	0
75	566	0
75	573	0
75	575	0
75	576	0
75	580	0
75	582	0
75	596	0
75	606	0
75	624	0
75	628	0
75	629	0
75	638	0
75	652	0
75	653	0
75	656	0
75	658	0
75	680	0
75	681	0
75	689	0
76	469	0
77	469	0
77	481	0
77	485	0
77	487	0
77	488	0
77	489	0
77	490	0
77	494	0
77	498	0
77	501	0
77	516	0
77	527	0
77	533	0
77	536	0
77	556	0
77	566	0
77	573	0
77	575	0
77	576	0
77	580	0
77	582	0
77	596	0
77	606	0
77	624	0
77	628	0
77	629	0
77	638	0
77	652	0
77	653	0
77	656	0
77	658	0
77	680	0
77	681	0
77	689	0
78	498	0
78	501	0
78	533	0
78	658	0
79	481	0
79	485	0
79	487	0
79	488	0
79	489	0
79	490	0
79	501	0
79	516	0
79	527	0
79	533	0
79	536	0
79	556	0
79	566	0
79	573	0
79	580	0
79	582	0
79	596	0
79	606	0
79	624	0
79	629	0
79	638	0
79	652	0
79	653	0
79	656	0
79	658	0
79	689	0
80	469	0
81	469	0
81	488	0
81	489	0
81	527	0
81	628	0
81	629	0
82	469	0
82	485	0
82	487	0
82	489	0
82	533	0
82	628	0
82	629	0
82	638	0
83	469	0
83	481	0
83	485	0
83	487	0
83	488	0
83	489	0
83	490	0
83	494	0
83	498	0
83	501	0
83	516	0
83	527	0
83	533	0
83	536	0
83	556	0
83	566	0
83	573	0
83	575	0
83	576	0
83	580	0
83	582	0
83	596	0
83	606	0
83	624	0
83	628	0
83	629	0
83	638	0
83	652	0
83	653	0
83	656	0
83	658	0
83	680	0
83	681	0
83	689	0
84	516	0
84	628	0
84	629	0
84	680	0
85	489	0
85	501	0
85	533	0
86	527	0
86	575	0
86	576	0
86	629	0
87	481	0
87	485	0
87	487	0
87	488	0
87	489	0
87	490	0
87	494	0
87	498	0
87	501	0
87	516	0
87	527	0
87	533	0
87	536	0
87	556	0
87	566	0
87	573	0
87	575	0
87	576	0
87	580	0
87	582	0
87	596	0
87	606	0
87	624	0
87	628	0
87	629	0
87	638	0
87	652	0
87	653	0
87	656	0
87	658	0
87	680	0
87	681	0
87	689	0
88	533	0
88	576	0
88	638	0
89	469	0
89	480	2
89	481	0
89	485	0
89	487	0
89	488	0
89	489	0
89	490	0
89	491	0
89	494	0
89	498	0
89	500	0
89	501	0
89	515	1
89	524	2
89	527	0
89	531	0
89	533	0
89	536	0
89	542	2
89	556	0
89	565	1
89	566	0
89	569	0
89	573	0
89	575	0
89	576	0
89	579	1
89	580	0
89	582	0
89	583	2
89	589	2
89	595	1
89	596	0
89	606	0
89	613	0
89	624	0
89	628	0
89	629	0
89	638	0
89	648	1
89	652	0
89	653	0
89	656	0
89	658	0
89	675	1
89	680	0
89	681	0
89	684	1
89	689	0
89	690	2
90	624	0
91	501	0
91	527	0
91	533	0
91	536	0
91	573	0
91	580	0
91	582	0
91	596	0
91	606	0
91	652	0
91	653	0
91	656	0
91	658	0
92	481	0
92	485	0
92	487	0
92	488	0
92	489	0
92	490	0
92	491	0
92	494	0
92	498	0
92	500	0
92	501	0
92	515	1
92	516	0
92	524	1
92	527	0
92	531	1
92	533	0
92	536	0
92	556	0
92	565	1
92	566	0
92	569	1
92	573	0
92	575	0
92	576	0
92	579	0
92	580	0
92	582	0
92	595	1
92	596	0
92	606	0
92	613	0
92	624	0
92	628	0
92	629	0
92	638	0
92	652	0
92	653	0
92	656	0
92	658	0
92	680	0
92	681	0
92	684	1
92	689	0
93	469	0
93	481	0
93	485	0
93	487	0
93	488	0
93	489	0
93	490	0
93	494	0
93	498	0
93	501	0
93	516	0
93	527	0
93	533	0
93	536	0
93	556	0
93	566	0
93	573	0
93	576	0
93	580	0
93	582	0
93	596	0
93	606	0
93	624	0
93	628	0
93	629	0
93	638	0
93	652	0
93	653	0
93	656	0
93	658	0
93	680	0
93	681	0
93	689	0
94	481	0
94	485	0
94	487	0
94	488	0
94	489	0
94	490	0
94	501	0
94	516	0
94	527	0
94	536	0
94	556	0
94	566	0
94	573	0
94	580	0
94	582	0
94	596	0
94	624	0
94	629	0
94	638	0
94	652	0
94	653	0
94	656	0
94	658	0
94	689	0
95	481	0
95	485	0
95	487	0
95	488	0
95	489	0
95	501	0
95	516	0
95	527	0
95	533	0
95	536	0
95	556	0
95	573	0
95	580	0
95	582	0
95	606	0
95	624	0
95	652	0
95	653	0
95	656	0
95	658	0
95	681	0
96	580	0
96	582	0
96	652	0
96	653	0
97	638	0
98	481	0
98	485	0
98	487	0
98	488	0
98	489	0
98	490	0
98	494	0
98	498	0
98	501	0
98	516	0
98	527	0
98	533	0
98	536	0
98	556	0
98	566	0
98	573	0
98	580	0
98	582	0
98	596	0
98	606	0
98	624	0
98	628	0
98	629	0
98	638	0
98	653	0
98	656	0
98	658	0
98	680	0
98	681	0
98	689	0
99	481	0
99	485	0
99	487	0
99	488	0
99	489	0
99	494	0
99	498	0
99	501	0
99	527	0
99	533	0
99	536	0
99	566	0
99	573	0
99	580	0
99	582	0
99	596	0
99	628	0
99	629	0
99	638	0
99	652	0
99	653	0
99	656	0
99	658	0
99	681	0
100	469	0
100	481	0
100	488	0
100	489	0
100	494	0
100	498	0
100	501	0
100	527	0
100	533	0
100	536	0
100	566	0
100	580	0
100	582	0
100	596	0
100	606	0
100	624	0
100	629	0
100	638	0
100	652	0
100	653	0
100	656	0
100	658	0
100	680	0
100	681	0
101	469	0
101	481	0
101	485	0
101	487	0
101	489	0
101	501	0
101	536	0
101	556	0
101	575	0
101	576	0
101	580	0
101	582	0
101	629	0
101	638	0
101	652	0
101	653	0
101	658	0
101	689	0
102	471	1
103	469	0
103	488	0
103	489	0
103	689	0
104	490	0
105	476	0
105	528	0
105	537	0
105	569	1
105	613	0
105	648	1
105	654	0
106	498	0
106	501	0
106	527	0
106	652	0
106	689	0
107	488	0
108	573	0
109	624	0
110	582	0
111	481	0
111	485	0
111	487	0
111	489	0
111	490	0
111	494	0
111	498	0
111	501	0
111	516	0
111	527	0
111	533	0
111	536	0
111	556	0
111	566	0
111	573	0
111	580	0
111	582	0
111	596	0
111	606	0
111	624	0
111	628	0
111	629	0
111	638	0
111	652	0
111	653	0
111	656	0
111	680	0
111	681	0
112	652	0
113	469	0
113	481	0
113	485	0
113	487	0
113	488	0
113	489	0
113	490	0
113	494	0
113	498	0
113	501	0
113	516	0
113	527	0
113	533	0
113	536	0
113	556	0
113	566	0
113	573	0
113	575	0
113	576	0
113	580	0
113	582	0
113	596	0
113	606	0
113	624	0
113	628	0
113	629	0
113	638	0
113	652	0
113	653	0
113	656	0
113	658	0
113	680	0
113	681	0
113	689	0
114	580	0
115	481	0
115	485	0
115	487	0
115	488	0
115	489	0
115	494	0
115	498	0
115	501	0
115	527	0
115	533	0
115	536	0
115	556	0
115	573	0
115	580	0
115	582	0
115	596	0
115	606	0
115	624	0
115	628	0
115	629	0
115	652	0
115	653	0
115	656	0
115	658	0
115	680	0
115	681	0
115	689	0
116	481	0
116	485	0
116	487	0
116	488	0
116	489	0
116	490	0
116	501	0
116	516	0
116	527	0
116	533	0
116	536	0
116	556	0
116	566	0
116	573	0
116	580	0
116	582	0
116	596	0
116	624	0
116	628	0
116	629	0
116	638	0
116	652	0
116	653	0
116	656	0
116	658	0
116	680	0
116	681	0
116	689	0
117	485	0
117	516	0
117	527	0
117	536	0
117	628	0
117	629	0
117	638	0
117	680	0
118	469	0
118	481	0
118	485	0
118	488	0
118	489	0
118	490	0
118	494	0
118	498	0
118	501	0
118	527	0
118	533	0
118	536	0
118	556	0
118	566	0
118	580	0
118	582	0
118	596	0
118	606	0
118	624	0
118	629	0
118	638	0
118	652	0
118	653	0
118	656	0
118	658	0
118	680	0
118	681	0
119	485	0
119	488	0
119	516	0
119	527	0
119	624	0
119	628	0
119	629	0
119	680	0
119	681	0
120	580	0
121	481	0
121	485	0
121	487	0
121	488	0
121	489	0
121	490	0
121	501	0
121	536	0
121	624	0
121	628	0
121	629	0
121	638	0
121	653	0
121	656	0
121	658	0
122	481	0
122	485	0
122	487	0
122	489	0
122	490	0
122	501	0
122	527	0
122	596	0
122	624	0
122	628	0
122	629	0
122	638	0
122	681	0
123	533	0
124	498	0
124	653	0
124	658	0
124	680	0
125	580	0
126	469	0
126	481	0
126	485	0
126	487	0
126	488	0
126	489	0
126	490	0
126	491	0
126	494	0
126	498	0
126	500	0
126	501	0
126	527	0
126	531	0
126	533	0
126	536	0
126	556	0
126	566	0
126	569	2
126	573	0
126	579	0
126	580	0
126	582	0
126	583	0
126	596	0
126	606	0
126	613	1
126	624	0
126	628	0
126	629	0
126	652	0
126	653	0
126	656	0
126	658	0
126	675	1
126	680	0
126	681	0
126	684	1
126	689	0
127	573	0
128	624	0
129	494	0
129	498	0
129	501	0
129	516	0
129	527	0
129	533	0
129	536	0
129	556	0
129	566	0
129	573	0
129	606	0
129	624	0
129	628	0
129	652	0
129	653	0
129	658	0
129	680	0
129	681	0
130	469	0
130	481	0
130	485	0
130	487	0
130	488	0
130	489	0
130	490	0
130	494	0
130	498	0
130	501	0
130	516	0
130	527	0
130	533	0
130	536	0
130	556	0
130	566	0
130	573	0
130	575	0
130	576	0
130	580	0
130	582	0
130	596	0
130	606	0
130	624	0
130	628	0
130	629	0
130	638	0
130	652	0
130	653	0
130	656	0
130	658	0
130	680	0
130	681	0
130	689	0
131	481	0
131	487	0
131	488	0
131	489	0
131	494	0
131	498	0
131	501	0
131	527	0
131	533	0
131	536	0
131	556	0
131	566	0
131	573	0
131	580	0
131	582	0
131	596	0
131	606	0
131	624	0
131	628	0
131	629	0
131	638	0
131	652	0
131	653	0
131	656	0
131	658	0
131	680	0
131	681	0
132	481	0
133	488	0
133	489	0
133	501	0
133	527	0
133	533	0
133	536	0
133	556	0
133	566	0
133	573	0
133	580	0
133	582	0
133	596	0
133	606	0
133	628	0
133	629	0
133	638	0
133	652	0
133	653	0
133	656	0
133	658	0
133	681	0
134	488	0
134	489	0
134	582	0
134	624	0
134	628	0
134	629	0
134	638	0
135	501	0
135	527	0
135	533	0
135	536	0
135	573	0
135	580	0
135	582	0
135	653	0
135	656	0
135	658	0
135	680	0
136	480	2
136	481	0
136	485	0
136	487	0
136	488	0
136	489	0
136	490	0
136	491	2
136	500	2
136	516	0
136	527	0
136	531	2
136	533	0
136	536	0
136	556	0
136	565	1
136	566	0
136	569	2
136	575	0
136	576	0
136	582	0
136	613	2
136	624	0
136	628	0
136	638	0
136	648	1
136	653	0
136	656	0
136	658	0
136	675	2
136	681	0
136	684	2
136	689	0
137	489	0
137	501	0
137	533	0
137	536	0
137	566	0
137	580	0
137	658	0
138	501	0
138	653	0
138	658	0
139	658	0
140	469	0
140	481	0
140	485	0
140	487	0
140	488	0
140	489	0
140	490	0
140	491	0
140	494	0
140	498	0
140	500	0
140	501	0
140	527	0
140	531	0
140	533	0
140	536	0
140	542	0
140	556	0
140	566	0
140	569	0
140	573	0
140	579	0
140	580	0
140	582	0
140	583	1
140	589	0
140	596	0
140	606	0
140	613	0
140	624	0
140	628	0
140	629	0
140	638	0
140	652	0
140	653	0
140	656	0
140	658	0
140	675	1
140	680	0
140	681	0
140	684	0
140	689	0
140	690	0
141	481	0
141	489	0
141	527	0
141	536	0
141	582	0
141	629	0
141	638	0
141	658	0
142	533	0
143	488	0
143	489	0
143	527	0
143	566	0
144	501	0
144	582	0
144	653	0
144	658	0
145	481	0
145	485	0
145	487	0
145	488	0
145	489	0
145	490	0
145	624	0
145	628	0
145	629	0
146	485	0
146	628	0
147	501	0
147	653	0
147	658	0
148	494	0
148	501	0
148	527	0
148	533	0
148	536	0
148	566	0
148	582	0
148	596	0
148	606	0
148	652	0
148	653	0
148	656	0
148	658	0
148	680	0
148	681	0
149	527	0
150	606	0
151	536	0
152	629	0
153	481	0
153	487	0
153	488	0
153	489	0
153	516	0
153	527	0
153	536	0
153	628	0
153	629	0
153	638	0
153	653	0
153	658	0
153	680	0
153	681	0
154	501	0
154	658	0
155	485	0
156	488	0
156	489	0
156	516	0
156	536	0
156	580	0
156	582	0
156	638	0
156	653	0
157	516	0
158	576	0
159	488	0
159	489	0
159	500	2
159	527	0
159	533	0
159	556	0
159	569	0
159	575	0
159	576	0
159	579	0
159	613	2
159	689	0
160	469	0
160	481	0
160	485	0
160	487	0
160	488	0
160	489	0
160	490	0
160	494	0
160	498	0
160	501	0
160	516	0
160	527	0
160	533	0
160	536	0
160	556	0
160	566	0
160	573	0
160	575	0
160	576	0
160	580	0
160	582	0
160	596	0
160	606	0
160	624	0
160	628	0
160	629	0
160	638	0
160	652	0
160	653	0
160	656	0
160	658	0
160	680	0
160	681	0
160	689	0
161	481	0
161	485	0
161	487	0
161	488	0
161	489	0
161	490	0
161	527	0
161	556	0
161	573	0
161	575	0
161	576	0
161	624	0
161	628	0
161	638	0
161	652	0
161	656	0
161	680	0
161	681	0
162	469	0
162	488	0
162	489	0
162	494	0
162	498	0
162	501	0
162	527	0
162	533	0
162	536	0
162	556	0
162	566	0
162	573	0
162	580	0
162	582	0
162	596	0
162	606	0
162	624	0
162	629	0
162	638	0
162	652	0
162	653	0
162	656	0
162	658	0
162	680	0
162	681	0
163	606	0
164	576	0
165	485	0
165	624	0
165	628	0
165	629	0
166	481	0
166	485	0
166	487	0
166	488	0
166	489	0
166	490	0
166	501	0
166	516	0
166	527	0
166	556	0
166	566	0
166	573	0
166	575	0
166	576	0
166	580	0
166	596	0
166	624	0
166	638	0
166	652	0
166	653	0
166	689	0
167	653	0
168	485	0
168	624	0
169	576	0
170	582	0
170	628	0
170	638	0
170	652	0
170	653	0
171	582	0
171	653	0
172	573	0
172	582	0
173	469	0
173	481	0
173	485	0
173	487	0
173	488	0
173	489	0
173	490	0
173	494	0
173	498	0
173	501	0
173	516	0
173	527	0
173	533	0
173	536	0
173	556	0
173	566	0
173	573	0
173	575	0
173	576	0
173	580	0
173	582	0
173	596	0
173	624	0
173	628	0
173	629	0
173	638	0
173	652	0
173	653	0
173	656	0
173	658	0
173	680	0
173	681	0
173	689	0
174	469	0
174	481	0
174	485	0
174	487	0
174	488	0
174	489	0
174	490	0
174	494	0
174	498	0
174	501	0
174	516	0
174	527	0
174	533	0
174	536	0
174	556	0
174	566	0
174	573	0
174	575	0
174	576	0
174	580	0
174	582	0
174	596	0
174	624	0
174	628	0
174	629	0
174	638	0
174	652	0
174	653	0
174	656	0
174	658	0
174	680	0
174	681	0
174	689	0
175	481	0
175	485	0
175	487	0
175	488	0
175	489	0
175	490	0
175	494	0
175	498	0
175	501	0
175	516	0
175	527	0
175	533	0
175	536	0
175	556	0
175	566	0
175	573	0
175	580	0
175	582	0
175	596	0
175	624	0
175	628	0
175	629	0
175	638	0
175	652	0
175	653	0
175	656	0
175	658	0
175	680	0
175	681	0
175	689	0
176	578	0
176	613	1
177	481	0
177	485	0
177	487	0
177	488	0
177	489	0
177	490	0
177	491	2
177	494	0
177	498	0
177	500	2
177	501	0
177	516	0
177	527	0
177	531	0
177	533	0
177	536	0
177	556	0
177	565	2
177	566	0
177	569	0
177	573	0
177	575	0
177	576	0
177	579	0
177	580	0
177	589	0
177	596	0
177	606	0
177	624	0
177	628	0
177	629	0
177	638	0
177	652	0
177	653	0
177	656	0
177	658	0
177	675	1
177	680	0
177	681	0
177	689	0
177	690	2
178	580	0
178	653	0
178	656	0
179	501	0
179	536	0
179	580	0
179	582	0
179	653	0
179	658	0
180	469	1
180	527	0
180	578	1
180	599	0
180	633	1
180	638	0
181	653	0
181	658	0
181	680	0
182	516	0
183	620	0
183	654	1
184	533	0
185	580	0
185	582	0
185	652	0
185	653	0
185	656	0
186	469	0
186	556	0
187	488	0
187	489	0
187	566	0
187	638	0
188	469	0
188	481	0
188	485	0
188	487	0
188	488	0
188	489	0
188	490	0
188	494	0
188	498	0
188	501	0
188	516	0
188	527	0
188	533	0
188	536	0
188	556	0
188	566	0
188	573	0
188	575	0
188	580	0
188	582	0
188	596	0
188	606	0
188	624	0
188	628	0
188	629	0
188	638	0
188	653	0
188	656	0
188	658	0
188	680	0
188	681	0
188	689	0
189	481	0
189	485	0
189	487	0
189	488	0
189	489	0
189	490	0
189	494	0
189	501	0
189	527	0
189	596	0
189	624	0
189	628	0
189	629	0
189	638	0
189	653	0
189	656	0
189	681	0
190	501	0
190	580	0
190	582	0
190	653	0
190	658	0
191	481	0
191	485	0
191	536	0
191	566	0
191	624	0
191	652	0
192	481	0
192	689	0
193	533	0
194	527	0
194	573	0
194	628	0
195	485	0
195	575	0
195	624	0
195	638	0
196	469	0
196	481	0
196	485	0
196	487	0
196	488	0
196	489	0
196	490	0
196	494	0
196	498	0
196	501	0
196	527	0
196	533	0
196	536	0
196	556	0
196	566	0
196	573	0
196	576	0
196	580	0
196	582	0
196	624	0
196	638	0
196	652	0
196	653	0
196	656	0
196	658	0
196	680	0
196	681	0
196	689	0
197	489	0
198	606	0
199	536	0
199	653	0
199	656	0
200	638	0
201	633	1
202	481	0
202	487	0
202	488	0
202	489	0
202	494	0
202	498	0
202	501	0
202	516	0
202	527	0
202	533	0
202	536	0
202	556	0
202	566	0
202	573	0
202	580	0
202	582	0
202	596	0
202	628	0
202	629	0
202	638	0
202	652	0
202	653	0
202	656	0
202	658	0
202	681	0
203	629	0
203	638	0
204	582	0
204	606	0
204	653	0
204	658	0
204	681	0
205	469	0
205	481	0
205	485	0
205	487	0
205	488	0
205	489	0
205	490	0
205	494	0
205	498	0
205	501	0
205	527	0
205	533	0
205	536	0
205	556	0
205	566	0
205	573	0
205	580	0
205	582	0
205	596	0
205	606	0
205	624	0
205	628	0
205	629	0
205	638	0
205	652	0
205	653	0
205	656	0
205	658	0
205	680	0
205	681	0
205	689	0
206	501	0
206	527	0
206	533	0
206	536	0
206	580	0
206	582	0
206	653	0
206	658	0
207	494	0
207	516	0
207	527	0
207	536	0
207	653	0
207	681	0
208	501	0
208	536	0
208	582	0
208	653	0
208	658	0
209	658	0
210	582	0
210	629	0
210	652	0
210	653	0
211	469	0
211	481	0
211	485	0
211	487	0
211	488	0
211	489	0
211	490	0
211	494	0
211	498	0
211	501	0
211	527	0
211	533	0
211	536	0
211	556	0
211	566	0
211	573	0
211	580	0
211	582	0
211	596	0
211	606	0
211	624	0
211	628	0
211	629	0
211	638	0
211	652	0
211	653	0
211	656	0
211	658	0
211	680	0
211	681	0
211	689	0
212	469	0
212	481	0
212	485	0
212	487	0
212	488	0
212	489	0
212	490	0
212	491	0
212	494	0
212	498	0
212	500	0
212	501	0
212	516	0
212	524	2
212	527	0
212	531	0
212	533	0
212	536	0
212	556	0
212	566	0
212	569	0
212	573	0
212	576	0
212	579	2
212	580	0
212	582	0
212	595	1
212	596	0
212	606	0
212	613	0
212	624	0
212	628	0
212	629	0
212	638	0
212	652	0
212	653	0
212	656	0
212	658	0
212	680	0
212	681	0
212	689	0
213	481	0
213	485	0
213	487	0
213	488	0
213	489	0
213	490	0
213	494	0
213	516	0
213	527	0
213	533	0
213	536	0
213	556	0
213	566	0
213	575	0
213	576	0
213	606	0
213	624	0
213	628	0
213	629	0
213	680	0
213	681	0
213	689	0
214	488	0
214	582	0
215	480	2
215	488	0
215	489	0
215	491	2
215	494	0
215	498	0
215	500	0
215	501	0
215	524	1
215	527	0
215	531	2
215	533	0
215	536	0
215	542	2
215	556	0
215	569	1
215	575	0
215	576	0
215	580	0
215	582	0
215	583	0
215	595	1
215	613	0
215	624	0
215	628	0
215	629	0
215	638	0
215	652	0
215	653	0
215	656	0
215	658	0
215	675	2
215	680	0
215	681	0
215	684	1
215	689	0
216	485	0
216	494	0
216	498	0
216	501	0
216	527	0
216	533	0
216	536	0
216	580	0
216	582	0
216	606	0
216	653	0
216	658	0
217	485	0
217	487	0
217	488	0
217	489	0
217	624	0
217	628	0
217	629	0
218	481	0
218	485	0
218	487	0
218	488	0
218	489	0
218	527	0
218	533	0
218	556	0
218	573	0
218	580	0
218	582	0
218	596	0
218	624	0
218	628	0
218	656	0
218	658	0
218	680	0
218	681	0
218	689	0
219	658	0
220	481	0
220	485	0
220	487	0
220	488	0
220	489	0
220	490	0
220	536	0
220	566	0
220	596	0
220	624	0
220	628	0
220	653	0
220	656	0
220	689	0
221	470	1
221	648	1
221	685	1
222	469	0
222	582	0
223	469	0
223	481	0
223	485	0
223	487	0
223	488	0
223	489	0
223	490	0
223	494	0
223	498	0
223	501	0
223	516	0
223	527	0
223	533	0
223	536	0
223	556	0
223	566	0
223	573	0
223	575	0
223	576	0
223	580	0
223	582	0
223	596	0
223	606	0
223	624	0
223	628	0
223	629	0
223	638	0
223	652	0
223	653	0
223	656	0
223	658	0
223	680	0
223	681	0
223	689	0
224	485	0
224	628	0
224	629	0
225	489	0
225	501	0
225	516	0
225	533	0
225	580	0
225	582	0
225	653	0
225	681	0
226	487	0
226	488	0
226	489	0
226	536	0
226	582	0
226	624	0
226	628	0
226	638	0
226	652	0
226	653	0
226	656	0
227	481	0
227	485	0
227	487	0
227	488	0
227	489	0
227	490	0
227	494	0
227	498	0
227	501	0
227	516	0
227	527	0
227	533	0
227	536	0
227	566	0
227	580	0
227	582	0
227	596	0
227	624	0
227	628	0
227	629	0
227	638	0
227	652	0
227	653	0
227	656	0
227	658	0
227	680	0
228	516	0
228	533	0
228	536	0
228	638	0
229	469	0
229	480	2
229	481	0
229	485	0
229	487	0
229	488	0
229	489	0
229	490	0
229	491	0
229	494	0
229	498	0
229	500	2
229	501	0
229	524	2
229	527	0
229	531	0
229	533	0
229	536	0
229	542	2
229	556	0
229	566	0
229	569	1
229	575	0
229	576	0
229	580	0
229	582	0
229	583	2
229	596	0
229	613	2
229	624	0
229	628	0
229	629	0
229	638	0
229	652	0
229	653	0
229	656	0
229	658	0
229	675	2
229	680	0
229	681	0
229	684	0
229	689	0
229	690	0
230	487	0
230	488	0
230	489	0
231	624	0
231	652	0
232	463	1
232	464	1
232	466	2
232	467	1
232	468	2
232	469	1
232	470	1
232	472	1
232	473	0
232	474	0
232	477	0
232	479	1
232	482	2
232	483	0
232	484	0
232	493	0
232	495	2
232	496	2
232	499	2
232	503	1
232	504	0
232	505	2
232	506	2
232	507	2
232	508	2
232	509	2
232	510	1
232	511	1
232	512	1
232	513	1
232	514	1
232	517	0
232	519	0
232	520	0
232	521	0
232	522	0
232	523	2
232	525	2
232	526	0
232	530	0
232	532	2
232	534	2
232	536	0
232	537	0
232	538	2
232	539	2
232	540	2
232	541	1
232	543	1
232	544	0
232	545	1
232	546	2
232	547	1
232	548	1
232	550	1
232	551	1
232	552	1
232	553	1
232	554	0
232	555	1
232	557	1
232	558	1
232	559	1
232	560	1
232	561	1
232	562	1
232	563	1
232	564	1
232	567	1
232	570	1
232	571	1
232	572	1
232	574	1
232	577	1
232	578	1
232	579	1
232	581	2
232	586	1
232	587	2
232	588	2
232	590	2
232	591	1
232	592	0
232	593	1
232	594	1
232	597	1
232	598	1
232	600	1
232	601	1
232	602	1
232	603	1
232	604	1
232	605	1
232	608	2
232	609	2
232	611	1
232	612	2
232	614	2
232	615	0
232	616	0
232	617	2
232	618	2
232	619	2
232	621	2
232	622	1
232	623	1
232	625	2
232	626	1
232	627	1
232	630	0
232	631	1
232	632	1
232	634	1
232	635	0
232	636	1
232	637	1
232	639	2
232	641	2
232	643	1
232	644	0
232	645	1
232	646	1
232	647	1
232	649	1
232	650	1
232	651	1
232	655	1
232	657	2
232	660	1
232	661	1
232	662	1
232	664	1
232	665	1
232	666	1
232	667	2
232	668	1
232	669	1
232	671	2
232	672	1
232	673	1
232	676	2
232	677	2
232	679	1
232	683	2
232	684	1
232	688	2
232	691	1
232	692	1
232	693	1
232	694	1
232	695	1
232	696	1
233	469	0
233	481	0
233	485	0
233	487	0
233	488	0
233	489	0
233	490	0
233	494	0
233	498	0
233	501	0
233	516	0
233	527	0
233	533	0
233	536	0
233	556	0
233	566	0
233	573	0
233	575	0
233	576	0
233	580	0
233	582	0
233	596	0
233	606	0
233	624	0
233	628	0
233	629	0
233	638	0
233	652	0
233	653	0
233	656	0
233	658	0
233	680	0
233	681	0
233	689	0
234	536	0
235	658	0
236	498	0
236	501	0
236	533	0
236	580	0
236	582	0
236	624	0
236	628	0
236	638	0
236	652	0
236	653	0
237	488	0
237	489	0
237	491	1
237	527	0
237	566	0
237	573	0
237	582	0
237	606	0
237	652	0
237	656	0
237	659	0
237	680	0
237	681	0
237	684	0
237	689	0
238	489	0
239	481	0
239	485	0
239	487	0
239	488	0
239	489	0
239	494	0
239	498	0
239	501	0
239	516	0
239	527	0
239	533	0
239	536	0
239	556	0
239	566	0
239	580	0
239	582	0
239	596	0
239	606	0
239	624	0
239	628	0
239	629	0
239	638	0
239	652	0
239	653	0
239	656	0
239	658	0
239	680	0
239	681	0
239	689	0
240	481	0
240	485	0
240	487	0
240	488	0
240	489	0
240	624	0
240	628	0
240	629	0
241	469	0
241	470	0
241	472	0
241	481	0
241	485	0
241	487	0
241	488	0
241	489	0
241	490	0
241	491	0
241	492	0
241	500	1
241	501	0
241	516	0
241	527	0
241	533	0
241	536	0
241	556	0
241	566	0
241	573	0
241	579	1
241	580	0
241	582	0
241	596	0
241	613	1
241	624	0
241	628	0
241	629	0
241	638	0
241	648	1
241	652	0
241	653	0
241	656	0
241	658	0
241	689	0
242	481	0
242	488	0
242	489	0
242	501	0
242	527	0
242	533	0
242	536	0
242	556	0
242	566	0
242	573	0
242	580	0
242	582	0
242	596	0
242	606	0
242	628	0
242	629	0
242	638	0
242	652	0
242	653	0
242	656	0
242	658	0
242	680	0
242	681	0
243	488	0
243	516	0
243	629	0
244	469	0
244	481	0
244	485	0
244	487	0
244	488	0
244	489	0
244	490	0
244	494	0
244	498	0
244	501	0
244	516	0
244	527	0
244	533	0
244	536	0
244	556	0
244	566	0
244	573	0
244	575	0
244	576	0
244	580	0
244	582	0
244	596	0
244	606	0
244	624	0
244	628	0
244	629	0
244	638	0
244	652	0
244	653	0
244	656	0
244	658	0
244	680	0
244	681	0
244	689	0
245	628	0
245	653	0
246	689	0
247	481	0
247	485	0
247	488	0
247	489	0
247	490	0
247	494	0
247	498	0
247	501	0
247	516	0
247	527	0
247	533	0
247	536	0
247	556	0
247	566	0
247	573	0
247	580	0
247	582	0
247	596	0
247	606	0
247	624	0
247	628	0
247	629	0
247	638	0
247	652	0
247	653	0
247	656	0
247	658	0
247	680	0
247	681	0
248	516	0
248	527	0
248	536	0
248	582	0
248	628	0
248	653	0
248	656	0
248	681	0
249	485	0
249	487	0
249	488	0
249	489	0
249	624	0
249	628	0
249	629	0
250	488	0
250	489	0
250	494	0
250	498	0
250	501	0
250	516	0
250	527	0
250	533	0
250	536	0
250	556	0
250	566	0
250	573	0
250	575	0
250	576	0
250	580	0
250	582	0
250	596	0
250	624	0
250	628	0
250	638	0
250	652	0
250	653	0
250	656	0
250	658	0
250	680	0
250	681	0
250	689	0
251	480	2
251	481	0
251	485	0
251	487	0
251	488	0
251	489	0
251	490	0
251	491	2
251	494	0
251	498	0
251	500	2
251	501	0
251	516	0
251	524	2
251	527	0
251	531	0
251	533	0
251	536	0
251	556	0
251	566	0
251	569	0
251	573	0
251	575	0
251	576	0
251	579	0
251	580	0
251	582	0
251	589	2
251	596	0
251	606	0
251	613	2
251	624	0
251	628	0
251	629	0
251	638	0
251	652	0
251	653	0
251	656	0
251	658	0
251	675	2
251	680	0
251	681	0
251	684	2
251	689	0
252	481	0
252	485	0
252	487	0
252	488	0
252	489	0
252	490	0
252	494	0
252	498	0
252	501	0
252	516	0
252	527	0
252	533	0
252	536	0
252	556	0
252	566	0
252	573	0
252	575	0
252	576	0
252	580	0
252	582	0
252	596	0
252	606	0
252	624	0
252	628	0
252	629	0
252	638	0
252	652	0
252	653	0
252	656	0
252	658	0
252	680	0
252	681	0
252	689	0
253	469	0
253	485	0
253	494	0
253	498	0
253	501	0
253	516	0
253	527	0
253	533	0
253	536	0
253	556	0
253	573	0
253	580	0
253	582	0
253	596	0
253	606	0
253	624	0
253	638	0
253	652	0
253	653	0
253	656	0
253	658	0
253	680	0
253	681	0
254	498	0
255	490	0
255	527	0
255	575	0
255	576	0
256	638	0
257	629	0
257	658	0
258	469	0
258	481	0
258	485	0
258	487	0
258	488	0
258	489	0
258	490	0
258	494	0
258	498	0
258	501	0
258	516	0
258	527	0
258	533	0
258	536	0
258	556	0
258	566	0
258	573	0
258	582	0
258	596	0
258	606	0
258	624	0
258	628	0
258	629	0
258	638	0
258	652	0
258	653	0
258	656	0
258	658	0
258	680	0
258	681	0
258	689	0
259	481	0
259	485	0
259	487	0
259	488	0
259	489	0
259	490	0
259	494	0
259	498	0
259	501	0
259	516	0
259	527	0
259	533	0
259	536	0
259	556	0
259	566	0
259	573	0
259	575	0
259	576	0
259	580	0
259	582	0
259	596	0
259	606	0
259	628	0
259	629	0
259	638	0
259	652	0
259	653	0
259	656	0
259	658	0
259	680	0
259	681	0
259	689	0
260	469	0
260	481	0
260	485	0
260	487	0
260	488	0
260	489	0
260	490	0
260	498	0
260	501	0
260	516	0
260	527	0
260	533	0
260	536	0
260	556	0
260	566	0
260	573	0
260	580	0
260	582	0
260	596	0
260	624	0
260	628	0
260	629	0
260	638	0
260	652	0
260	653	0
260	656	0
260	658	0
260	689	0
261	533	0
261	658	0
262	658	0
263	533	0
264	469	0
264	481	0
264	485	0
264	487	0
264	488	0
264	489	0
264	490	0
264	494	0
264	498	0
264	501	0
264	516	0
264	527	0
264	533	0
264	536	0
264	556	0
264	566	0
264	573	0
264	575	0
264	576	0
264	580	0
264	582	0
264	596	0
264	624	0
264	628	0
264	629	0
264	638	0
264	652	0
264	653	0
264	656	0
264	658	0
264	680	0
264	681	0
264	689	0
265	481	0
265	485	0
265	487	0
265	488	0
265	489	0
265	490	0
265	494	0
265	498	0
265	501	0
265	516	0
265	527	0
265	533	0
265	536	0
265	556	0
265	566	0
265	573	0
265	575	0
265	576	0
265	580	0
265	582	0
265	596	0
265	624	0
265	628	0
265	629	0
265	638	0
265	652	0
265	653	0
265	656	0
265	658	0
265	689	0
266	470	2
266	472	2
266	485	0
266	487	0
266	488	0
266	489	0
266	490	0
266	491	2
266	494	0
266	498	0
266	500	1
266	501	0
266	504	1
266	527	0
266	533	0
266	536	0
266	537	2
266	556	0
266	566	0
266	569	2
266	573	0
266	575	0
266	576	0
266	580	0
266	582	0
266	583	0
266	624	0
266	628	0
266	638	0
266	640	2
266	652	0
266	653	0
266	654	2
266	656	0
266	680	0
266	689	0
267	469	1
267	484	1
267	502	0
267	584	0
267	607	1
268	487	0
268	580	0
269	480	2
269	481	0
269	485	0
269	488	0
269	491	0
269	494	0
269	500	2
269	516	0
269	524	1
269	527	0
269	531	2
269	533	0
269	536	0
269	542	2
269	556	0
269	566	0
269	569	2
269	575	0
269	576	0
269	579	0
269	583	2
269	606	0
269	613	2
269	624	0
269	656	0
269	658	0
269	675	2
269	680	0
269	681	0
269	684	2
269	689	0
269	690	2
270	653	0
271	469	0
271	481	0
271	485	0
271	488	0
271	489	0
271	490	0
271	494	0
271	498	0
271	501	0
271	516	0
271	527	0
271	533	0
271	536	0
271	556	0
271	566	0
271	573	0
271	575	0
271	576	0
271	580	0
271	582	0
271	596	0
271	606	0
271	624	0
271	628	0
271	629	0
271	638	0
271	652	0
271	653	0
271	656	0
271	658	0
271	680	0
271	681	0
272	480	0
272	481	0
272	485	0
272	487	0
272	488	0
272	489	0
272	490	0
272	491	0
272	494	0
272	500	0
272	524	2
272	527	0
272	531	0
272	533	0
272	542	0
272	556	0
272	569	0
272	575	0
272	576	0
272	579	0
272	583	0
272	606	0
272	613	0
272	624	0
272	628	0
272	629	0
272	675	1
272	680	0
272	681	0
272	684	1
272	689	0
272	690	0
273	501	0
273	580	0
273	582	0
273	653	0
273	658	0
274	469	0
274	481	0
274	485	0
274	487	0
274	488	0
274	489	0
274	490	0
274	501	0
274	516	0
274	527	0
274	533	0
274	536	0
274	556	0
274	566	0
274	573	0
274	580	0
274	582	0
274	596	0
274	624	0
274	628	0
274	629	0
274	638	0
274	652	0
274	653	0
274	656	0
274	658	0
274	689	0
275	469	0
275	485	0
275	488	0
275	494	0
275	498	0
275	501	0
275	527	0
275	533	0
275	536	0
275	566	0
275	573	0
275	580	0
275	582	0
275	596	0
275	606	0
275	624	0
275	638	0
275	652	0
275	653	0
275	656	0
275	658	0
275	680	0
275	681	0
276	536	0
277	487	0
277	488	0
277	489	0
277	490	0
277	498	0
277	501	0
277	527	0
277	533	0
277	536	0
277	573	0
277	580	0
277	582	0
277	596	0
277	606	0
277	628	0
277	638	0
277	652	0
277	653	0
277	656	0
277	658	0
277	680	0
277	681	0
278	501	0
279	488	0
279	489	0
279	501	0
279	527	0
279	533	0
279	536	0
279	566	0
279	573	0
279	580	0
279	582	0
279	596	0
279	606	0
279	629	0
279	652	0
279	653	0
279	656	0
279	658	0
279	681	0
280	490	0
280	527	0
280	575	0
280	576	0
281	469	0
281	481	0
281	485	0
281	487	0
281	488	0
281	489	0
281	490	0
281	494	0
281	498	0
281	501	0
281	516	0
281	527	0
281	533	0
281	536	0
281	556	0
281	566	0
281	573	0
281	575	0
281	576	0
281	580	0
281	582	0
281	596	0
281	606	0
281	624	0
281	628	0
281	629	0
281	652	0
281	653	0
281	656	0
281	658	0
281	680	0
281	681	0
281	689	0
282	527	0
283	501	0
283	582	0
283	653	0
283	658	0
284	481	0
284	485	0
284	487	0
284	488	0
284	489	0
284	490	0
284	527	0
284	533	0
284	536	0
284	556	0
284	566	0
284	575	0
284	576	0
284	624	0
284	689	0
285	628	0
285	629	0
286	481	0
286	485	0
286	487	0
286	488	0
286	489	0
286	490	0
286	494	0
286	498	0
286	501	0
286	527	0
286	533	0
286	536	0
286	556	0
286	580	0
286	582	0
286	596	0
286	606	0
286	624	0
286	628	0
286	629	0
286	638	0
286	652	0
286	653	0
286	656	0
286	658	0
286	680	0
286	681	0
286	689	0
287	488	0
287	501	0
287	516	0
287	533	0
287	536	0
287	580	0
287	582	0
287	638	0
287	652	0
287	653	0
287	656	0
288	469	0
288	580	0
288	628	0
288	652	0
289	469	0
289	481	0
289	485	0
289	488	0
289	489	0
289	494	0
289	498	0
289	501	0
289	516	0
289	527	0
289	533	0
289	536	0
289	556	0
289	573	0
289	580	0
289	582	0
289	596	0
289	606	0
289	624	0
289	628	0
289	629	0
289	638	0
289	652	0
289	653	0
289	656	0
289	658	0
289	680	0
289	681	0
289	689	0
290	527	0
291	487	0
291	488	0
291	489	0
291	628	0
291	629	0
292	488	0
292	489	0
292	582	0
292	628	0
292	638	0
292	652	0
292	653	0
293	489	0
293	498	0
293	501	0
293	580	0
293	582	0
293	652	0
293	653	0
293	658	0
293	689	0
294	485	0
294	490	0
295	575	0
295	576	0
296	469	0
296	481	0
296	485	0
296	488	0
296	489	0
296	490	0
296	494	0
296	498	0
296	501	0
296	516	0
296	527	0
296	533	0
296	536	0
296	556	0
296	573	0
296	575	0
296	576	0
296	580	0
296	582	0
296	596	0
296	606	0
296	624	0
296	628	0
296	629	0
296	638	0
296	652	0
296	653	0
296	656	0
296	658	0
296	680	0
296	681	0
296	689	0
297	494	0
297	498	0
297	501	0
297	527	0
297	533	0
297	536	0
297	556	0
297	573	0
297	580	0
297	582	0
297	624	0
297	652	0
297	653	0
297	656	0
297	680	0
297	681	0
297	689	0
298	575	0
298	576	0
299	488	0
300	489	0
300	580	0
300	582	0
300	653	0
301	488	0
301	489	0
302	533	0
303	488	0
303	489	0
303	582	0
303	628	0
303	638	0
303	652	0
304	469	0
304	481	0
304	485	0
304	487	0
304	488	0
304	489	0
304	624	0
304	628	0
304	629	0
305	469	0
305	488	0
305	489	0
305	628	0
305	629	0
306	481	0
306	485	0
306	487	0
306	488	0
306	489	0
306	629	0
307	469	0
307	481	0
307	485	0
307	487	0
307	488	0
307	489	0
307	490	0
307	494	0
307	498	0
307	556	0
307	566	0
307	573	0
307	582	0
307	606	0
307	624	0
307	680	0
307	689	0
308	481	0
308	485	0
308	487	0
308	488	0
308	498	0
308	527	0
308	533	0
308	556	0
308	606	0
308	624	0
308	629	0
308	652	0
308	656	0
308	689	0
309	578	0
309	613	1
310	489	0
311	536	0
311	566	0
311	624	0
311	628	0
311	652	0
312	628	0
313	501	0
313	582	0
313	653	0
313	658	0
314	628	0
314	629	0
315	488	0
316	485	0
317	470	1
317	491	1
317	500	1
317	504	1
317	568	0
317	613	1
317	630	1
318	485	0
318	490	0
318	629	0
319	533	0
320	469	0
320	481	0
320	485	0
320	487	0
320	488	0
320	489	0
320	490	0
320	494	0
320	498	0
320	501	0
320	516	0
320	527	0
320	533	0
320	536	0
320	556	0
320	566	0
320	573	0
320	575	0
320	576	0
320	580	0
320	582	0
320	596	0
320	606	0
320	624	0
320	628	0
320	629	0
320	638	0
320	652	0
320	653	0
320	656	0
320	658	0
320	680	0
320	681	0
320	689	0
321	469	0
321	481	0
321	485	0
321	487	0
321	488	0
321	489	0
321	490	0
321	494	0
321	498	0
321	501	0
321	516	0
321	527	0
321	533	0
321	536	0
321	556	0
321	566	0
321	575	0
321	576	0
321	580	0
321	582	0
321	596	0
321	606	0
321	624	0
321	628	0
321	629	0
321	638	0
321	652	0
321	653	0
321	656	0
321	658	0
321	680	0
321	681	0
321	689	0
322	469	0
322	481	0
322	485	0
322	487	0
322	488	0
322	489	0
322	490	0
322	494	0
322	498	0
322	501	0
322	516	0
322	527	0
322	533	0
322	536	0
322	556	0
322	566	0
322	575	0
322	576	0
322	580	0
322	582	0
322	596	0
322	606	0
322	624	0
322	628	0
322	629	0
322	638	0
322	652	0
322	653	0
322	656	0
322	658	0
322	680	0
322	681	0
322	689	0
323	469	0
323	481	0
323	485	0
323	487	0
323	488	0
323	489	0
323	490	0
323	491	2
323	494	0
323	498	0
323	500	2
323	501	0
323	516	0
323	527	0
323	531	2
323	533	0
323	536	0
323	556	0
323	565	2
323	566	0
323	569	2
323	575	0
323	576	0
323	580	0
323	582	0
323	583	1
323	589	2
323	596	0
323	606	0
323	613	2
323	624	0
323	628	0
323	629	0
323	638	0
323	640	2
323	652	0
323	653	0
323	656	0
323	658	0
323	659	2
323	680	0
323	681	0
323	684	0
323	689	0
323	690	0
324	653	0
324	658	0
325	469	0
325	481	0
325	485	0
325	487	0
325	488	0
325	489	0
325	490	0
325	494	0
325	498	0
325	501	0
325	516	0
325	527	0
325	533	0
325	536	0
325	556	0
325	566	0
325	573	0
325	580	0
325	582	0
325	596	0
325	624	0
325	628	0
325	629	0
325	638	0
325	652	0
325	653	0
325	656	0
325	658	0
325	689	0
326	469	0
326	481	0
326	485	0
326	487	0
326	488	0
326	489	0
326	490	0
326	494	0
326	498	0
326	501	0
326	527	0
326	533	0
326	536	0
326	556	0
326	565	2
326	566	0
326	573	0
326	580	0
326	582	0
326	596	0
326	606	0
326	624	0
326	628	0
326	629	0
326	638	0
326	648	2
326	652	0
326	653	0
326	656	0
326	658	0
326	675	2
326	680	0
326	681	0
326	689	0
327	481	0
327	485	0
327	487	0
327	488	0
327	489	0
327	490	0
327	501	0
327	516	0
327	527	0
327	533	0
327	536	0
327	556	0
327	566	0
327	575	0
327	576	0
327	580	0
327	582	0
327	596	0
327	624	0
327	628	0
327	629	0
327	638	0
327	652	0
327	653	0
327	656	0
327	658	0
327	680	0
327	689	0
328	470	0
328	491	1
328	687	1
329	658	0
330	487	0
330	582	0
330	624	0
330	652	0
331	481	0
331	485	0
331	487	0
331	488	0
331	489	0
331	490	0
331	494	0
331	498	0
331	501	0
331	516	0
331	527	0
331	533	0
331	536	0
331	556	0
331	566	0
331	573	0
331	575	0
331	576	0
331	580	0
331	582	0
331	596	0
331	606	0
331	624	0
331	628	0
331	629	0
331	638	0
331	653	0
331	656	0
331	658	0
331	680	0
331	681	0
331	689	0
332	469	0
332	481	0
332	485	0
332	487	0
332	488	0
332	489	0
332	490	0
332	501	0
332	516	0
332	527	0
332	533	0
332	536	0
332	556	0
332	566	0
332	573	0
332	580	0
332	582	0
332	596	0
332	624	0
332	628	0
332	629	0
332	638	0
332	652	0
332	653	0
332	656	0
332	658	0
332	689	0
333	501	0
333	527	0
333	533	0
333	536	0
333	566	0
333	573	0
333	580	0
333	582	0
333	638	0
333	652	0
333	653	0
333	656	0
333	658	0
334	488	0
334	580	0
334	582	0
334	628	0
334	629	0
334	638	0
334	652	0
334	653	0
335	580	0
335	582	0
335	638	0
336	470	0
337	628	0
337	653	0
337	658	0
338	653	0
338	658	0
339	480	2
339	481	0
339	485	0
339	487	0
339	488	0
339	489	0
339	490	0
339	491	2
339	494	0
339	498	0
339	500	0
339	501	0
339	516	0
339	524	2
339	527	0
339	531	0
339	533	0
339	536	0
339	556	0
339	566	0
339	569	0
339	573	0
339	575	0
339	576	0
339	579	0
339	580	0
339	582	0
339	583	2
339	606	0
339	613	2
339	624	0
339	628	0
339	629	0
339	638	0
339	653	0
339	656	0
339	675	2
339	680	0
339	681	0
339	684	2
339	689	0
339	690	2
340	498	0
340	536	0
340	582	0
340	653	0
340	680	0
341	689	0
342	469	0
342	481	0
342	485	0
342	487	0
342	488	0
342	489	0
342	490	0
342	494	0
342	498	0
342	501	0
342	527	0
342	533	0
342	536	0
342	556	0
342	566	0
342	573	0
342	580	0
342	582	0
342	596	0
342	606	0
342	624	0
342	628	0
342	629	0
342	638	0
342	652	0
342	653	0
342	656	0
342	658	0
342	680	0
342	681	0
342	689	0
343	501	0
343	533	0
343	536	0
343	580	0
343	582	0
343	653	0
343	658	0
344	470	0
344	472	0
344	491	1
344	492	1
344	613	0
345	481	0
345	485	0
345	487	0
345	488	0
345	489	0
345	516	0
345	527	0
345	533	0
345	536	0
345	566	0
345	573	0
345	575	0
345	580	0
345	596	0
345	624	0
345	628	0
345	652	0
345	653	0
345	656	0
345	658	0
346	624	0
346	638	0
346	652	0
347	501	0
347	527	0
347	533	0
347	536	0
347	566	0
347	573	0
347	580	0
347	582	0
347	652	0
347	653	0
347	656	0
347	658	0
348	485	0
349	531	0
350	501	0
350	536	0
350	580	0
350	582	0
350	652	0
350	653	0
350	658	0
350	689	0
351	469	0
352	469	0
352	481	0
352	485	0
352	488	0
352	489	0
352	494	0
352	498	0
352	501	0
352	516	0
352	527	0
352	533	0
352	536	0
352	556	0
352	573	0
352	575	0
352	576	0
352	580	0
352	582	0
352	596	0
352	606	0
352	624	0
352	628	0
352	629	0
352	638	0
352	652	0
352	653	0
352	656	0
352	658	0
352	680	0
352	681	0
352	689	0
353	488	0
353	489	0
353	533	0
353	536	0
353	580	0
353	582	0
353	596	0
353	628	0
353	629	0
353	638	0
353	652	0
353	653	0
353	656	0
353	658	0
353	681	0
354	469	0
354	481	0
354	485	0
354	488	0
354	489	0
354	490	0
354	494	0
354	580	0
354	624	0
354	629	0
354	638	0
355	516	0
355	527	0
355	628	0
355	681	0
356	624	0
357	501	0
357	653	0
357	658	0
358	488	0
358	489	0
358	498	0
358	516	0
358	527	0
358	533	0
358	536	0
358	580	0
358	582	0
358	624	0
358	628	0
358	629	0
358	638	0
358	652	0
358	653	0
358	656	0
358	658	0
358	689	0
359	469	0
359	481	0
359	485	0
359	487	0
359	488	0
359	489	0
359	490	0
359	494	0
359	498	0
359	501	0
359	516	0
359	527	0
359	533	0
359	536	0
359	556	0
359	566	0
359	573	0
359	575	0
359	576	0
359	580	0
359	582	0
359	596	0
359	606	0
359	624	0
359	628	0
359	629	0
359	652	0
359	653	0
359	656	0
359	658	0
359	680	0
359	681	0
359	689	0
360	469	0
360	481	0
360	485	0
360	487	0
360	488	0
360	489	0
360	490	0
360	494	0
360	498	0
360	501	0
360	516	0
360	527	0
360	533	0
360	536	0
360	556	0
360	566	0
360	573	0
360	575	0
360	576	0
360	580	0
360	582	0
360	596	0
360	606	0
360	624	0
360	628	0
360	629	0
360	652	0
360	653	0
360	656	0
360	658	0
360	680	0
360	681	0
360	689	0
361	536	0
361	582	0
361	638	0
361	653	0
362	481	0
362	485	0
362	487	0
362	488	0
362	489	0
362	494	0
362	501	0
362	516	0
362	527	0
362	533	0
362	536	0
362	566	0
362	573	0
362	575	0
362	576	0
362	580	0
362	582	0
362	596	0
362	606	0
362	624	0
362	628	0
362	629	0
362	638	0
362	652	0
362	653	0
362	656	0
362	658	0
362	680	0
362	681	0
362	689	0
363	527	0
363	575	0
363	576	0
364	487	0
364	488	0
364	489	0
364	527	0
364	580	0
364	582	0
364	628	0
364	629	0
364	638	0
364	652	0
364	653	0
365	469	0
365	481	0
365	485	0
365	487	0
365	488	0
365	489	0
365	490	0
365	494	0
365	498	0
365	501	0
365	516	0
365	527	0
365	533	0
365	556	0
365	573	0
365	580	0
365	582	0
365	596	0
365	606	0
365	624	0
365	628	0
365	629	0
365	638	0
365	652	0
365	653	0
365	656	0
365	658	0
365	680	0
365	681	0
365	689	0
366	488	0
366	489	0
366	494	0
366	498	0
366	501	0
366	527	0
366	533	0
366	536	0
366	556	0
366	573	0
366	580	0
366	582	0
366	606	0
366	628	0
366	629	0
366	638	0
366	652	0
366	653	0
366	656	0
366	658	0
366	689	0
367	580	0
367	596	0
367	606	0
368	469	0
368	481	0
368	485	0
368	488	0
368	489	0
368	490	0
368	494	0
368	498	0
368	501	0
368	516	0
368	527	0
368	533	0
368	536	0
368	556	0
368	573	0
368	580	0
368	582	0
368	596	0
368	606	0
368	624	0
368	628	0
368	629	0
368	638	0
368	652	0
368	653	0
368	656	0
368	658	0
368	680	0
368	681	0
368	689	0
369	469	0
369	481	0
369	485	0
369	487	0
369	488	0
369	489	0
369	490	0
369	498	0
369	501	0
369	516	0
369	527	0
369	533	0
369	536	0
369	556	0
369	566	0
369	573	0
369	580	0
369	582	0
369	596	0
369	624	0
369	628	0
369	629	0
369	638	0
369	652	0
369	653	0
369	656	0
369	658	0
369	689	0
370	488	0
370	489	0
370	498	0
370	501	0
370	516	0
370	527	0
370	533	0
370	536	0
370	556	0
370	566	0
370	573	0
370	580	0
370	582	0
370	596	0
370	628	0
370	629	0
370	638	0
370	652	0
370	653	0
370	656	0
370	658	0
370	681	0
371	485	0
371	494	0
371	501	0
371	516	0
371	527	0
371	536	0
371	556	0
371	573	0
371	596	0
371	624	0
371	628	0
371	629	0
371	653	0
371	681	0
372	516	0
372	533	0
372	556	0
372	582	0
372	596	0
372	606	0
372	653	0
372	658	0
372	680	0
372	681	0
373	481	0
373	485	0
373	487	0
373	490	0
373	501	0
373	624	0
373	628	0
373	629	0
374	527	0
374	606	0
374	653	0
374	658	0
375	527	0
375	624	0
375	628	0
375	629	0
375	638	0
375	653	0
376	488	0
376	489	0
376	582	0
376	628	0
376	638	0
376	652	0
376	653	0
376	656	0
377	469	0
377	481	0
377	485	0
377	487	0
377	488	0
377	489	0
377	490	0
377	494	0
377	498	0
377	501	0
377	516	0
377	527	0
377	533	0
377	536	0
377	556	0
377	566	0
377	573	0
377	575	0
377	576	0
377	580	0
377	582	0
377	596	0
377	606	0
377	624	0
377	628	0
377	629	0
377	638	0
377	652	0
377	653	0
377	656	0
377	658	0
377	680	0
377	681	0
377	689	0
378	469	0
379	516	0
380	469	0
380	481	0
380	485	0
380	487	0
380	488	0
380	489	0
380	494	0
380	516	0
380	527	0
380	536	0
380	556	0
380	566	0
380	573	0
380	575	0
380	576	0
380	582	0
380	596	0
380	606	0
380	624	0
380	628	0
380	629	0
380	638	0
380	653	0
380	658	0
380	680	0
380	681	0
381	580	0
381	582	0
381	628	0
381	638	0
381	652	0
381	653	0
382	469	0
382	582	0
383	481	0
383	485	0
383	487	0
383	489	0
383	490	0
383	573	0
383	624	0
383	638	0
383	652	0
384	485	0
384	487	0
384	488	0
384	489	0
384	624	0
384	628	0
384	629	0
385	465	1
385	469	0
385	481	0
385	485	0
385	487	0
385	488	0
385	489	0
385	494	0
385	498	0
385	501	0
385	527	0
385	556	0
385	566	0
385	569	1
385	573	0
385	575	0
385	576	0
385	582	0
385	606	0
385	624	0
385	648	1
385	656	0
386	501	0
386	516	0
386	527	0
386	536	0
386	573	0
386	582	0
386	638	0
386	653	0
386	656	0
386	658	0
386	681	0
387	481	0
387	485	0
387	487	0
387	488	0
387	489	0
387	490	0
387	494	0
387	498	0
387	501	0
387	527	0
387	533	0
387	536	0
387	556	0
387	566	0
387	573	0
387	580	0
387	582	0
387	596	0
387	606	0
387	624	0
387	628	0
387	629	0
387	638	0
387	652	0
387	653	0
387	656	0
387	658	0
387	680	0
387	681	0
388	469	0
388	481	0
388	485	0
388	487	0
388	488	0
388	489	0
388	490	0
388	494	0
388	498	0
388	501	0
388	516	0
388	527	0
388	533	0
388	536	0
388	556	0
388	566	0
388	573	0
388	580	0
388	582	0
388	596	0
388	606	0
388	613	0
388	624	0
388	628	0
388	629	0
388	638	0
388	652	0
388	653	0
388	656	0
388	658	0
388	680	0
388	681	0
388	689	0
389	500	1
389	613	1
390	470	1
390	472	0
390	491	0
390	492	0
390	524	2
390	579	1
390	613	1
390	675	0
391	481	0
391	487	0
391	488	0
391	489	0
391	490	0
391	494	0
391	498	0
391	501	0
391	516	0
391	527	0
391	533	0
391	536	0
391	556	0
391	566	0
391	573	0
391	580	0
391	582	0
391	596	0
391	629	0
391	638	0
391	652	0
391	653	0
391	656	0
391	658	0
391	680	0
391	681	0
392	501	0
392	536	0
392	653	0
392	658	0
393	501	0
393	582	0
393	656	0
394	490	0
394	494	0
394	498	0
394	501	0
394	516	0
394	527	0
394	536	0
394	573	0
394	582	0
394	628	0
394	629	0
394	638	0
394	653	0
394	656	0
394	680	0
394	681	0
395	481	0
395	485	0
395	487	0
395	490	0
395	494	0
395	527	0
395	575	0
395	576	0
395	624	0
395	652	0
396	689	0
397	475	1
397	500	1
398	536	0
399	469	0
399	488	0
399	489	0
399	580	0
399	582	0
399	628	0
399	638	0
400	469	0
400	489	0
400	533	0
400	580	0
400	628	0
400	638	0
400	652	0
401	491	0
401	578	0
401	630	0
401	640	0
401	670	0
402	491	1
402	500	0
402	515	1
402	531	0
402	565	1
402	569	1
402	579	1
402	595	1
402	613	0
402	630	1
402	654	0
402	659	2
403	470	0
403	472	0
403	491	0
403	492	0
403	500	0
403	531	1
403	569	1
403	579	1
403	613	0
403	648	1
404	485	1
404	494	0
404	497	1
404	500	0
404	504	1
404	518	1
404	678	1
404	680	1
404	682	1
404	684	1
405	491	0
405	524	2
405	531	0
405	569	0
405	579	0
405	583	0
405	595	1
405	613	0
405	684	0
406	491	2
406	500	2
406	531	2
406	569	2
406	583	2
406	589	0
406	613	2
406	684	2
406	690	0
407	491	1
407	500	0
407	515	1
407	524	1
407	531	0
407	565	1
407	569	1
407	583	2
407	595	1
407	613	2
407	675	1
407	684	0
408	480	2
408	491	1
408	500	0
408	524	1
408	531	1
408	542	2
408	569	2
408	579	0
408	583	2
408	613	2
408	675	2
408	684	2
408	690	2
409	491	2
409	524	1
409	531	2
409	569	2
409	579	2
409	613	2
410	491	0
410	500	2
410	515	1
410	524	1
410	531	1
410	565	1
410	569	1
410	579	2
410	583	2
410	589	0
410	613	0
410	642	1
410	648	1
410	675	2
410	684	1
411	579	0
412	491	0
412	500	0
412	524	1
412	531	0
412	569	1
412	579	0
412	583	0
412	595	0
412	613	0
412	675	1
412	684	0
412	690	2
413	491	1
413	569	1
413	675	1
414	491	2
414	500	0
414	515	1
414	524	1
414	531	1
414	569	2
414	579	0
414	595	1
414	613	0
415	500	0
415	524	1
415	531	1
415	569	0
415	579	0
415	595	1
415	613	0
416	491	0
416	500	0
416	524	1
416	531	0
416	569	1
416	579	1
416	613	0
417	480	2
417	491	2
417	500	2
417	524	1
417	531	2
417	569	1
417	579	0
417	613	2
417	684	0
418	491	0
418	500	2
418	531	1
418	565	2
418	569	0
418	579	0
418	613	2
419	480	1
419	491	0
419	500	0
419	524	1
419	531	0
419	569	1
419	579	0
419	583	0
419	589	0
419	613	1
419	675	1
419	684	0
420	491	2
420	524	1
420	531	2
420	569	1
420	579	2
420	613	2
421	480	2
421	491	1
421	500	0
421	515	1
421	524	1
421	531	0
421	565	1
421	569	1
421	579	0
421	583	2
421	595	1
421	613	0
421	663	1
421	675	1
421	684	1
421	690	2
422	569	2
422	579	2
423	491	2
423	524	2
423	531	2
423	613	2
424	470	2
424	472	0
424	491	1
424	500	1
424	504	1
424	515	1
424	524	2
424	531	0
424	537	0
424	549	0
424	565	1
424	569	1
424	579	0
424	583	1
424	585	2
424	589	0
424	595	0
424	613	0
424	640	0
424	648	0
424	654	1
424	659	0
424	675	1
424	684	0
424	686	0
424	690	0
425	470	0
425	472	0
425	491	0
425	492	0
425	500	0
425	504	0
425	515	1
425	531	0
425	537	0
425	549	1
425	565	1
425	569	1
425	579	1
425	583	0
425	585	0
425	589	0
425	595	1
425	613	0
425	640	2
425	654	0
425	659	0
425	675	0
425	684	1
425	690	0
426	500	0
426	565	1
426	569	1
426	595	1
427	491	2
427	500	2
427	524	2
427	531	2
427	565	1
427	569	0
427	579	0
427	583	2
427	589	0
427	595	1
427	613	2
427	642	1
427	684	0
427	690	2
428	491	0
428	500	0
428	531	0
428	569	1
428	579	0
428	613	0
429	515	1
429	579	1
429	595	1
429	642	1
430	491	2
430	515	1
430	531	2
430	565	1
430	569	0
430	579	0
430	595	1
430	613	2
430	648	1
430	675	2
431	480	0
431	491	0
431	500	0
431	531	0
431	542	0
431	569	1
431	583	1
431	613	0
431	675	2
432	480	2
432	491	0
432	500	2
432	531	2
432	569	0
432	579	0
432	613	0
432	675	2
432	684	0
432	690	2
433	491	2
433	524	1
433	531	2
433	569	1
433	579	0
433	613	1
434	480	2
434	491	0
434	500	2
434	531	2
434	542	2
434	569	2
434	583	2
434	589	2
434	613	2
434	684	1
434	690	0
435	480	2
435	491	2
435	500	2
435	531	2
435	569	2
435	583	2
435	589	2
435	613	2
435	648	2
435	675	2
435	684	0
435	690	0
436	480	0
436	491	2
436	500	0
436	524	2
436	531	0
436	569	0
436	579	0
436	583	2
436	613	0
436	690	0
437	491	2
437	500	0
437	531	0
437	569	0
437	579	2
437	613	0
438	491	2
438	531	0
438	569	2
438	579	2
438	613	2
438	684	0
439	470	2
439	472	1
439	491	1
439	500	0
439	535	0
439	537	0
439	549	0
439	585	0
439	654	0
439	686	0
440	569	2
440	579	0
441	497	1
441	681	1
442	504	0
442	531	0
442	537	0
442	579	1
442	585	0
443	569	1
444	475	0
444	478	0
444	480	2
444	491	2
444	500	2
444	531	1
444	569	0
444	579	1
444	583	2
444	589	2
444	595	1
444	613	0
444	684	2
444	690	2
445	491	0
445	531	2
445	569	1
445	579	1
446	480	2
446	491	2
446	500	2
446	531	2
446	565	1
446	569	2
446	579	0
446	595	1
446	613	2
446	690	2
447	569	0
448	524	0
448	565	1
448	648	2
449	491	1
449	500	0
449	524	1
450	491	0
450	531	2
450	569	2
450	579	0
450	684	2
451	480	0
451	491	0
451	500	0
451	531	0
451	569	0
451	583	0
451	613	0
451	690	0
452	491	2
452	500	0
452	524	0
452	531	0
452	569	0
452	579	0
452	613	0
453	579	0
454	579	0
455	524	2
455	569	1
455	675	0
455	684	1
456	491	2
456	500	2
456	524	2
456	531	1
456	569	2
456	579	2
456	613	2
457	491	2
457	500	0
457	515	1
457	524	2
457	531	1
457	565	1
457	569	0
457	579	0
457	595	1
457	613	0
457	675	1
457	684	2
457	690	2
458	491	0
458	531	0
458	569	1
458	579	2
458	613	0
459	491	2
459	500	0
459	524	2
459	531	2
459	565	1
459	569	1
459	579	0
459	595	1
459	613	1
460	569	2
461	491	0
461	515	1
461	569	0
461	579	0
461	595	1
462	681	1